4185.021999999 0.000024735 0.000009622 0.998937552 0.500261202 0.500237830 -0.499764680 -0.499736038
4185.622000000 0.000024735 0.000009622 0.998937552 0.500261202 0.500237830 -0.499764680 -0.499736038
4185.822000000 0.000024735 0.000009622 0.998937552 0.500261202 0.500237830 -0.499764680 -0.499736038
4185.966999999 0.000024735 0.000009622 0.998937552 0.500261202 0.500237830 -0.499764680 -0.499736038
4186.171999999 0.000024735 0.000009622 0.998937552 0.500261202 0.500237830 -0.499764680 -0.499736038
4186.322000000 0.000024735 0.000009622 0.998937552 0.500261202 0.500237830 -0.499764680 -0.499736038
4186.466999999 0.000024735 0.000009622 0.998937552 0.500261202 0.500237830 -0.499764680 -0.499736038
4186.671999999 0.000024735 0.000009622 0.998937552 0.500261202 0.500237830 -0.499764680 -0.499736038
4186.822000000 0.000024735 0.000009622 0.998937552 0.500261202 0.500237830 -0.499764680 -0.499736038
4186.971999999 0.000024735 0.000009622 0.998937552 0.500261202 0.500237830 -0.499764680 -0.499736038
4187.122000000 -0.006776514 0.004244850 0.998620672 0.509475070 0.490605643 -0.490557139 -0.509013703
4187.327000000 -0.077605326 0.007658946 0.998902919 0.496210143 0.504127560 -0.503928977 -0.495667715
4187.521999999 -0.101919544 0.000676379 0.999423408 0.410249724 0.576359456 -0.575841094 -0.409770640
4187.667000000 -0.107398537 -0.001879047 0.998619008 0.372790868 0.601094040 -0.600829681 -0.372446799
4187.877000000 -0.183063308 -0.036901426 0.998453279 0.377674373 0.597955468 -0.597804391 -0.377413880
4188.072000000 -0.345485766 -0.112957137 0.999640854 0.373893291 0.600555170 -0.600120182 -0.373353803
4188.221999999 -0.461544278 -0.181961597 1.000372807 0.337453460 0.621933838 -0.620900235 -0.337351985
4188.421999999 -0.610603892 -0.295992606 1.000845546 0.291389641 0.644902092 -0.643807675 -0.291041314
4188.622000000 -0.762701831 -0.433190943 0.999215531 0.286707476 0.646705448 -0.646019285 -0.286757686
4189.021999999 -1.004732453 -0.719147708 1.012645690 0.196324401 0.681542718 -0.678073115 -0.192803278
4189.476999999 -1.216985807 -1.107916859 0.997672929 -0.139037077 -0.692875692 0.693617629 0.139594239
4190.322000000 -1.497027001 -1.896973783 0.999747624 0.091759040 0.701620313 -0.700612791 -0.091928953
4191.072000000 -1.698406656 -2.597861350 0.999182503 0.132386740 0.694954807 -0.694323455 -0.132009500
4191.266999999 -1.725114899 -2.667850029 0.997765025 0.132079228 0.694693374 -0.694595529 -0.132262035
4191.421999999 -1.745887781 -2.717715370 0.999500868 0.132038494 0.695087932 -0.694307512 -0.131740962
4191.622000000 -1.803598852 -2.866656261 0.997899039 0.132204505 0.694675308 -0.694669329 -0.131843497
4191.822000000 -1.862007709 -3.042084753 0.996413323 -0.086365993 -0.701522976 0.702168276 0.085826237
4192.021999999 -1.920029203 -3.218390499 0.995288046 -0.126782398 -0.695286369 0.696140776 0.126059938
4192.221999999 -1.991667321 -3.407350642 0.991403852 -0.132463829 -0.692886059 0.696384743 0.131948980
4192.617000000 -2.169947370 -3.722109054 0.995364804 -0.227593211 -0.669333271 0.669897918 0.226784218
4193.016999999 -2.451859249 -3.997117884 0.995638424 0.281126992 0.649333957 -0.648281653 -0.281183081
4193.421999999 -2.566342505 -4.078348375 0.997786593 0.399636953 0.584098014 -0.583140528 -0.398831971
4193.817000000 -2.824178999 -4.165820809 0.999332463 0.438292121 0.555603968 -0.554704417 -0.437615420
4194.221999999 -3.179961143 -4.194646231 1.000229175 0.513519511 0.487037424 -0.485996977 -0.512736966
4194.622000000 -3.593022437 -4.169138396 0.997495430 0.516864463 0.482797437 -0.482429505 -0.516739329
4194.771999999 -3.746512469 -4.157013060 0.998255443 0.516822856 0.482862309 -0.482778244 -0.516394513
4194.971999999 -3.950064152 -4.142839354 0.999479026 0.516918169 0.483120122 -0.482602002 -0.516222686
4195.171999999 -4.155172985 -4.128849609 0.999705741 0.516809772 0.483229031 -0.482527809 -0.516298631
4195.322000000 -4.308511764 -4.117947474 0.998429122 0.516763922 0.483078827 -0.482691568 -0.516332011
4195.521999999 -4.511773572 -4.106667807 0.996794727 0.516625547 0.482812097 -0.482813633 -0.516605767
4195.716999999 -4.708847927 -4.086282283 0.996569414 -0.531400011 -0.466387213 0.466477542 0.531503244
4195.921999999 -4.892063667 -4.053355929 0.997088330 0.550142643 0.444302885 -0.444200984 -0.550112265
4196.067000000 -5.038528392 -4.019273931 0.995304082 -0.549639304 -0.444693413 0.444500104 0.550058234
4196.317000000 -5.285719641 -3.968993304 0.999276224 -0.549828170 -0.444760954 0.444443697 0.549860416
4196.521999999 -5.491288893 -3.921154487 0.997610057 -0.549505089 -0.445154936 0.444834298 0.549548621
4196.872000000 -5.767526366 -3.868895695 0.999145958 -0.536596682 -0.460742111 0.460163229 0.536684741
4197.673999999 -6.505600103 -3.745628310 1.003384277 0.535520800 0.463417389 -0.462198466 -0.533698768
4198.266999999 -7.027114009 -3.672911070 0.999625081 0.537760374 0.460030193 -0.459245260 -0.536916933
4198.671999999 -7.226610587 -3.607777118 1.000398262 0.588361819 0.393350677 -0.393044664 -0.587044723
4199.072000000 -7.384024151 -3.542315006 0.998769385 0.525784998 0.473297200 -0.472752056 -0.525400218
4199.471999999 -7.384840388 -3.544931801 0.999243297 0.354083753 0.612802995 -0.611513425 -0.353763362
4199.622999999 -7.385506019 -3.545452015 0.998620231 0.279546998 0.650347941 -0.648542961 -0.279808970
4199.822000000 -7.383843138 -3.544462453 0.999513240 0.174659376 0.685971577 -0.684381873 -0.174810039
4199.971999999 -7.384809051 -3.543509224 0.999366195 0.093098137 0.701279621 -0.700692587 -0.092571755
4200.167000000 -7.396947947 -3.548450102 0.995539591 0.017678839 -0.706519475 0.707224400 -0.018744019
4200.372000000 -7.381685410 -3.550666777 0.995711064 -0.096728393 0.700558112 -0.700347707 0.096824785
4200.721999999 -7.337901177 -3.660200059 0.997275736 -0.152730507 0.690696610 -0.690202404 0.152421218
4201.127000000 -7.173765574 -3.960305448 0.998565157 -0.181795330 0.683543902 -0.683275019 0.181255178
4201.271999999 -7.113847916 -4.080012469 0.998770977 -0.151719411 0.690917170 -0.690387323 0.151591652
4201.471999999 -7.033779778 -4.260390530 0.996773227 -0.146943607 0.691854561 -0.691505261 0.146851340
4201.671999999 -6.975283209 -4.431806591 0.997954411 -0.098418025 0.700399390 -0.700019601 0.098626287
4201.817000000 -6.932451670 -4.580151129 0.999302685 -0.099109075 0.700560592 -0.699718271 0.098927194
4201.971999999 -6.888970180 -4.728630883 0.997945380 -0.099014643 0.700357300 -0.699940693 0.098887713
4202.167000000 -6.842789099 -4.911344489 0.998591103 -0.061858336 0.704541429 -0.704235260 0.062029184
4202.317000000 -6.822941400 -5.053102263 0.999543648 -0.045873162 0.705976545 -0.705256200 0.045896225
4202.521999999 -6.796667420 -5.256077647 1.002889235 -0.046801168 0.706364420 -0.704735375 0.046978808
4202.721999999 -6.768449461 -5.458799251 1.001318825 -0.046622954 0.706094834 -0.705021491 0.046915702
4203.117000000 -6.719793918 -5.859983209 0.996233718 0.047545794 -0.705134085 0.705864001 -0.047763291
4203.521999999 -6.686038289 -6.020428022 0.997413851 0.191316658 -0.680562969 0.680950655 -0.191149647
4203.931999999 -6.682235382 -6.017600467 0.995628708 0.391685357 -0.588233184 0.589510060 -0.391206073
4204.317000000 -6.688096368 -6.020280420 1.001910030 0.555931795 -0.437726663 0.437795747 -0.554680170
4204.521999999 -6.682095064 -6.023337955 0.996404808 0.617433455 -0.345649042 0.344619345 -0.616879386
4204.766999999 -6.681751432 -6.020586597 0.997032163 0.672850696 -0.218665480 0.217860187 -0.672305204
4204.971999999 -6.686617427 -6.020321337 1.000383536 0.699008476 -0.111165955 0.110644677 -0.697701251
4205.117000000 -6.686596700 -6.017530836 0.999467827 0.706162807 -0.046122386 0.045523991 -0.705077571
4205.317000000 -6.683826068 -5.959423138 0.999575185 0.707120623 -0.026702450 0.026796053 -0.706080289
4205.521999999 -6.669552741 -5.797719969 1.000178461 0.707292206 -0.027233876 0.026707332 -0.705891472
4205.671999999 -6.657378785 -5.644090013 0.999523342 0.707046237 -0.026999427 0.026833908 -0.706142047
4205.877000000 -6.642951098 -5.439663392 0.998474503 0.706725149 -0.031161019 0.031124657 -0.706116003
4206.021999999 -6.619349405 -5.306634629 0.995177682 -0.703223450 0.073331524 -0.072669733 0.703433279
4206.221999999 -6.572478676 -5.105149647 0.995532392 -0.702559670 0.078248573 -0.077780963 0.703020051
4206.417000000 -6.527521356 -4.906005214 0.996044356 -0.702592223 0.078017151 -0.077774229 0.703013984
4206.817000000 -6.454460121 -4.616734873 0.998571645 -0.686788891 0.168474432 -0.167775471 0.686868821
4207.221999999 -6.445425073 -4.597772960 0.998753507 -0.609603807 0.359182890 -0.356997342 0.609855513
4207.622000000 -6.379506270 -4.580802747 1.001045787 -0.555940640 0.437055898 -0.435695948 0.556849339
4207.822000000 -6.263316957 -4.553379385 1.005407736 -0.552559177 0.440490149 -0.437465059 0.556121486
4208.021999999 -6.070729326 -4.513136953 0.998090100 -0.552864310 0.438768964 -0.437326502 0.557286624
4208.221999999 -5.888631446 -4.458348494 1.000225834 0.554987907 -0.439779831 0.437805819 -0.553992950
4208.622000000 -5.511344051 -4.372159679 1.016049437 0.525802750 -0.476739404 0.474568638 -0.520610811
4209.021999999 -5.075549734 -4.349029809 1.008567944 0.524013469 -0.477453077 0.475516893 -0.520895505
4209.421999999 -4.690635254 -4.350406390 0.997410812 -0.486962554 0.512891841 -0.512620244 0.486857182
4210.021999999 -4.130371754 -4.312536781 1.008798775 -0.489396806 0.513334295 -0.511389103 0.485242056
4210.822000000 -3.675574604 -4.348316286 0.996385133 -0.492705392 0.507646339 -0.507421986 0.491995446
4211.221999999 -3.352693655 -4.349748305 0.995867153 0.522175689 -0.477177948 0.476795807 -0.521823260
4211.622000000 -2.966136011 -4.296734617 0.997583019 0.555159753 -0.438525176 0.438136786 -0.554553402
4212.021999999 -2.620086246 -4.155340837 0.999154160 0.612951419 -0.353671041 0.353012177 -0.612037381
4212.421999999 -2.270628425 -3.938232733 0.992866866 -0.613867438 0.349344153 -0.351143572 0.614673591
4212.622000000 -2.116572066 -3.837324129 0.997960140 0.636717643 -0.307668524 0.308163295 -0.636369473
4212.766999999 -1.997673320 -3.739593033 0.995687252 -0.638565374 0.302514933 -0.304287088 0.638849236
4212.971999999 -1.834695419 -3.609535303 0.993638862 -0.637943522 0.302513425 -0.304956543 0.639151936
4213.122000000 -1.721857294 -3.515402779 0.998429519 0.648853495 -0.281009389 0.281848870 -0.648524541
4213.322000000 -1.581944687 -3.380351533 0.994444545 -0.650728438 0.274867135 -0.276313015 0.651653033
4213.521999999 -1.446241569 -3.259465799 0.998175429 0.638743068 -0.304013954 0.303686891 -0.638245315
4213.721999999 -1.285941317 -3.166935387 0.992938652 0.625731833 -0.326064751 0.332773341 -0.625622374
4213.921999999 -1.143087548 -3.044240511 1.001741812 0.615152407 -0.348959405 0.350667905 -0.613878546
4214.322000000 -0.867226248 -2.889157241 1.000113477 0.601998099 -0.371352290 0.373145456 -0.600381740
4214.771999999 -0.813779882 -2.868272997 1.002816045 0.553159882 -0.440729284 0.442482550 -0.551344754
4215.567000000 -0.118745458 -2.702841543 0.981955400 -0.501360679 0.490472108 -0.491882698 0.515874009
4218.072000000 2.341070877 -2.864171740 1.000906390 -0.488971875 0.511630034 -0.510962665 0.487912255
4218.471999999 2.693683386 -2.838956976 1.000048025 0.521362640 -0.478448529 0.478550395 -0.519862984
4218.671999999 2.901489116 -2.822796803 1.003944876 0.521594932 -0.478515679 0.477935074 -0.520134153
4219.072000000 3.285813953 -2.813058367 1.006437764 0.489852455 -0.511141779 0.511315720 -0.487170288
4219.721999999 3.920338193 -2.766099081 0.998750125 0.503096948 -0.497178421 0.496881671 -0.502807799
4220.131999999 4.290522396 -2.762180513 0.999706462 0.519884123 -0.479818732 0.479295383 -0.519394281
4220.277000000 4.442873298 -2.750620381 1.000728568 0.518867539 -0.481191356 0.480621280 -0.517913643
4220.471999999 4.647500660 -2.735242639 1.000728124 0.518959306 -0.481032988 0.480754487 -0.517845176
4220.671999999 4.850624018 -2.719568857 1.000152647 0.515416121 -0.484806072 0.485030883 -0.513862178
4220.877000000 4.989280382 -2.730322883 1.003211233 -0.449292288 0.547217081 -0.545505186 0.448457354
4221.266999999 5.238998475 -2.747522241 1.001493127 -0.489004211 0.511432952 -0.509545609 0.489565613
4221.721999999 5.645317670 -2.718104803 0.999474619 0.522323512 -0.477476431 0.476780679 -0.521415948
4222.122000000 5.814905077 -2.711596424 0.999410904 -0.497152605 0.503323252 -0.503062268 0.496420534
4222.516999999 6.200287840 -2.712936755 0.999130927 -0.485370741 0.514730545 -0.514495681 0.484522346
4222.721999999 6.384120980 -2.737727434 0.999039372 -0.444387293 0.550516089 -0.550055217 0.443724270
4222.917000000 6.552157269 -2.791230274 0.996311719 0.397877985 -0.584303205 0.584925789 -0.397674107
4223.167000000 6.741455384 -2.892737266 0.998650250 -0.318701602 0.631462783 -0.630990529 0.318645563
4223.622000000 6.914580220 -3.061061608 0.998826354 -0.281333754 0.648983338 -0.648168662 0.282044909
4224.271999999 7.031828237 -3.247453044 0.999331852 -0.097566466 0.700874339 -0.699840311 0.097362640
4224.917000000 7.115309753 -3.657868415 0.999836093 -0.029887886 0.706905293 -0.706052737 0.029684242
4225.322000000 7.146580726 -4.012788303 1.000048398 -0.054978938 0.705425191 -0.704546597 0.054467495
4225.516999999 7.177906064 -4.215780135 1.000210886 -0.054252029 0.705384685 -0.704676762 0.054035402
4225.921999999 7.217733873 -4.460405206 1.000093340 -0.057012443 0.705269540 -0.704221327 0.058453232
4226.317000000 7.263975848 -4.782894133 1.017640361 -0.057696715 0.707494820 -0.701853651 0.059360098
4226.771999999 7.345100633 -5.241458927 1.000442541 -0.057824319 0.705298820 -0.704236083 0.057109213
4227.171999999 7.410560596 -5.637756504 1.003165903 -0.058727975 0.705139045 -0.704324813 0.057065839
4227.572000000 7.447044540 -5.889043994 1.000232803 -0.103785219 0.699649764 -0.699411127 0.102678677
4227.971999999 7.446433128 -5.891767987 1.001665925 -0.312885953 0.635046239 -0.633608206 0.312024512
4228.176999999 7.448393160 -5.893974174 0.999217675 -0.407932150 0.578078303 -0.577051130 0.407956897
4228.372000000 7.451172674 -5.889199505 0.997492604 -0.492634763 0.507327954 -0.507071276 0.492755577
4228.572000000 7.456036823 -5.891130143 0.998971467 0.544595736 -0.451522361 0.450969314 -0.544214773
4228.716999999 7.501074088 -5.880996531 0.998636574 0.570976772 -0.417196428 0.417064638 -0.570955123
4228.921999999 7.519519674 -5.871449643 0.998938059 0.604481238 -0.367297952 0.367151041 -0.604065196
4229.067000000 7.570416540 -5.843633532 0.997103723 0.608863760 -0.359370680 0.359880008 -0.608788975
4229.271999999 7.641892130 -5.794495462 0.998719315 0.632646443 -0.316167366 0.316327880 -0.632244689
4229.471999999 7.771803353 -5.689297253 0.996846407 -0.633732746 0.310925201 -0.311213623 0.636281703
4229.671999999 7.937785256 -5.556291301 1.000421556 0.644216987 -0.292867562 0.292921786 -0.642969588
4230.067000000 8.145705648 -5.301418614 0.999593865 0.684087339 -0.180467200 0.180194382 -0.683363803
4230.726999999 8.309696008 -4.816675723 1.000708294 0.705544279 -0.056554001 0.056173508 -0.704168624
4231.131999999 8.311598757 -4.804309566 0.999612660 0.688027386 0.164473462 -0.163990259 -0.687512903
4231.327000000 8.311398551 -4.800513635 0.999535436 0.653959546 0.269474451 -0.269551078 -0.653500305
4231.521999999 8.312014367 -4.799856877 0.999346573 -0.603476706 -0.368343082 0.368635443 0.603528914
4231.716999999 8.311982417 -4.799575018 0.998579724 -0.537521880 -0.458533153 0.458910678 0.538719376
4231.971999999 8.310157336 -4.797884055 0.999725309 0.438893671 0.555470249 -0.553063188 -0.439256483
4232.171999999 8.311160005 -4.798502896 0.999537062 0.345094479 0.617981845 -0.615637328 -0.346408602
4232.372000000 8.308246847 -4.796041047 0.998591419 0.245556252 0.663513302 -0.662822453 -0.245190988
4232.771999999 8.308470463 -4.802624184 0.999703264 0.080314061 0.703147870 -0.701923329 -0.080226954
4233.122000000 8.285681209 -4.894688297 0.998449122 0.095367481 0.701107158 -0.700184251 -0.095371967
4233.572000000 8.206486492 -5.153885262 0.998818440 0.118047080 0.697533235 -0.696859309 -0.117895615
4233.917000000 8.067728754 -5.463535634 0.996148700 -0.167777015 -0.686714602 0.687075350 0.167932699
4234.122000000 7.974724402 -5.646488656 0.996937485 -0.166438271 -0.687093159 0.687401437 0.166374749
4234.271999999 7.904363346 -5.782920449 0.995951687 -0.169925975 -0.685973796 0.686741229 0.170151694
4234.676999999 7.750840841 -6.017144237 0.998533827 0.217853632 0.672819612 -0.672698376 -0.217555648
4235.282000000 7.741468385 -6.026410104 0.994812563 -0.505178758 -0.493855668 0.493776335 0.507036422
4235.721999999 7.743730185 -6.026335629 1.000138215 0.634215752 0.314108467 -0.313796379 -0.632959780
4236.122000000 7.700782731 -5.972717552 0.998119971 -0.670137792 -0.225607097 0.225177042 0.670307451
4236.287000000 7.603715247 -5.846512110 0.999390350 0.675165714 0.211336092 -0.211150909 -0.674465424
4236.686999999 7.488540904 -5.588247546 0.999601275 0.694956634 0.132159382 -0.132130417 -0.694341939
4236.881999999 7.416667766 -5.404750936 0.999713209 0.697221781 0.120637592 -0.120715496 -0.696244302
4237.032000000 7.378805489 -5.275150309 0.999802771 0.702466323 0.083993056 -0.083878371 -0.701748281
4237.231999999 7.352137164 -5.089697223 1.000303260 0.706853872 0.033076726 -0.033562421 -0.705788281
4237.471999999 7.329893062 -4.886962918 0.999202418 0.707118048 -0.021282203 0.020742939 -0.706470710
4237.721999999 7.338304237 -4.675838117 0.997908481 0.706865148 0.019971631 -0.020652313 -0.706764655
4237.886999999 7.343397534 -4.499320833 0.995397902 -0.706815492 0.010448753 -0.009255202 0.707260224
4238.721999999 7.278747488 -3.692647750 0.999459879 0.705683236 0.051459928 -0.051564700 -0.704772395
4238.877000000 7.247418000 -3.559512417 0.999799663 0.701485740 0.094454434 -0.094236832 -0.700082521
4239.077000000 7.204670496 -3.435028777 0.998935787 0.694173581 0.137112924 -0.136958606 -0.693228264
4239.277000000 7.121939359 -3.273192006 1.000253106 0.682776595 0.186033819 -0.185900595 -0.681651310
4239.671999999 6.870489656 -2.983059338 0.996880303 -0.644090211 -0.291782733 0.291745467 0.644123606
4239.872000000 6.752844047 -2.901100986 0.999846877 0.596911552 0.380099263 -0.379453256 -0.596017094
4240.077000000 6.636830906 -2.861948556 0.999775791 0.564855676 0.426178292 -0.425367688 -0.564245034
4240.226999999 6.507435575 -2.824421025 1.000187346 0.565471107 0.425640172 -0.424703804 -0.564534808
4240.407000000 6.350296832 -2.792825160 1.000476111 0.512516630 0.487888043 -0.487209138 -0.511780438
4240.591999999 6.229833269 -2.793163909 1.000339917 0.500279151 0.500366505 -0.499794402 -0.499559494
4240.981999999 5.844034676 -2.797026723 1.000491357 0.471930824 0.527547058 -0.526777812 -0.470617187
4241.431999999 5.435682622 -2.789967813 0.999385269 0.480243600 0.519399803 -0.519008752 -0.479812301
4241.872000000 5.033509900 -2.821664119 1.000063662 0.480258843 0.519682955 -0.518902316 -0.479605522
4242.072000000 4.858194177 -2.824529017 1.000255113 0.514439219 0.486064980 -0.485241101 -0.513453210
4242.271999999 4.682812768 -2.805027068 1.000075658 0.537853106 0.460095885 -0.459407882 -0.536628560
4242.421999999 4.568175373 -2.788088902 0.999985689 0.537925058 0.460170103 -0.459410782 -0.536490300
4242.622000000 4.381423009 -2.766433644 0.999553007 0.510969326 0.489489646 -0.488658838 -0.510414317
4243.077000000 3.945156551 -2.782276462 0.998319234 0.466810761 0.531538651 -0.531430942 -0.465978036
4243.431999999 3.556172474 -2.786627978 0.999462312 0.501142053 0.499676897 -0.498824078 -0.500354055
4243.872000000 3.144460633 -2.786261985 0.999568461 0.501220202 0.499346502 -0.498706622 -0.500722563
4244.032000000 2.939243603 -2.784699930 0.999327888 0.500926696 0.499546045 -0.499017433 -0.500507538
4244.186999999 2.780066203 -2.784979800 0.999503824 0.500838816 0.499526612 -0.498955589 -0.500676507
4244.386999999 2.574754568 -2.784663914 0.998770037 0.500758405 0.499492645 -0.499184392 -0.500562744
4244.582000000 2.374326803 -2.782671946 1.000102733 0.500733711 0.499940107 -0.499291000 -0.500034136
4244.771999999 2.221617670 -2.783939511 1.000313477 0.500651815 0.499902613 -0.498922152 -0.500521552
4245.136999999 1.806646357 -2.783817645 1.003425867 0.500721914 0.500183901 -0.498559607 -0.500531666
4245.582000000 1.378674542 -2.751810122 1.000809632 -0.535210170 -0.461982064 0.461101218 0.536198016
4246.021999999 1.022327107 -2.729856984 1.001898187 -0.499118862 -0.500765115 0.498950592 0.501161618
4246.476999999 0.714055229 -2.699876162 0.999907966 -0.554609884 -0.438563812 0.438537525 0.554756251
4246.877000000 0.441760535 -2.669460465 1.007478504 0.510720048 0.489708089 -0.489508389 -0.509639634
4247.886999999 -0.475160625 -2.568587370 0.992406320 0.569312082 0.418593078 -0.420597149 -0.569000551
4249.186999999 -1.248844631 -1.847424729 0.998869904 0.698937742 0.111204715 -0.110654404 -0.697764392
4249.582000000 -1.313892789 -1.480778520 0.999834987 0.707335121 0.019232819 -0.019017497 -0.706360715
4249.987000000 -1.319485398 -1.341070305 0.999950418 0.705064436 -0.058734192 0.058750646 -0.704260461
4250.221999999 -1.317506084 -1.335730211 1.000000082 0.695752226 -0.128956441 0.128476287 -0.694833016
4250.381999999 -1.294282247 -1.286107062 1.000028627 0.686322464 -0.172424480 0.171841494 -0.685347922
4250.622000000 -1.221907832 -1.139913850 0.999941084 0.686018546 -0.173083350 0.173086552 -0.685172791
4250.822000000 -1.146282176 -1.014147045 0.999265626 0.675406314 -0.210425067 0.210046358 -0.674854154
4251.021999999 -1.028398241 -0.854558249 0.998552076 0.671600860 -0.221973875 0.221225308 -0.671371170
4251.221999999 -0.909933255 -0.671480742 0.998632949 0.660744888 -0.252560847 0.252330702 -0.660271480
4251.356999999 -0.811442640 -0.565347023 0.997716983 0.658771474 -0.257343708 0.257222503 -0.658506602
4251.546999999 -0.678662443 -0.421964351 0.998031582 0.658900685 -0.256962823 0.256815594 -0.658684860
4251.731999999 -0.561215197 -0.286175829 0.999946240 0.668576714 -0.231904071 0.231665375 -0.667500437
4251.921999999 -0.478493257 -0.172793712 1.002326313 0.673879390 -0.217529114 0.217280915 -0.671830824
4252.122000000 -0.362148290 -0.039512986 0.998967276 0.658707665 -0.257892956 0.257708310 -0.658165529
4252.721999999 -0.028173330 0.273954342 0.999314479 -0.590773075 0.388906931 -0.388211486 0.590787961
4253.381999999 0.383901184 0.404960764 1.005296367 0.556348554 -0.438213331 0.436056951 -0.555247421
4254.021999999 1.008642094 0.517467428 1.000645398 0.565901141 -0.425173571 0.424072043 -0.564930292
4254.631999999 1.447473479 0.611841428 1.002288332 0.542701646 -0.455641646 0.452985284 -0.540989783
4255.481999999 2.285932997 0.736404279 0.999126875 0.508557271 -0.491734810 0.491195817 -0.508225391
4255.726999999 2.475589175 0.741726637 0.999019297 0.509905773 -0.490199832 0.489750691 -0.509749436
4255.926999999 2.586247477 0.746746899 0.998416407 0.509799301 -0.490131163 0.489932013 -0.509747720
4256.127000000 2.601982798 0.745239616 0.998396445 -0.509902790 0.489904258 -0.489543024 0.510235818
4256.231999999 2.601982798 0.745239616 0.998396445 -0.509902790 0.489904258 -0.489543024 0.510235818
4256.476999999 2.601982798 0.745239616 0.998396445 -0.509902790 0.489904258 -0.489543024 0.510235818
4256.671999999 2.601982798 0.745239616 0.998396445 -0.509902790 0.489904258 -0.489543024 0.510235818
4256.782000000 2.601982798 0.745239616 0.998396445 -0.509902790 0.489904258 -0.489543024 0.510235818
4256.987000000 2.601982798 0.745239616 0.998396445 -0.509902790 0.489904258 -0.489543024 0.510235818
4257.181999999 2.601982798 0.745239616 0.998396445 -0.509902790 0.489904258 -0.489543024 0.510235818
4257.381999999 2.601982798 0.745239616 0.998396445 -0.509902790 0.489904258 -0.489543024 0.510235818
4257.542000000 2.601982798 0.745239616 0.998396445 -0.509902790 0.489904258 -0.489543024 0.510235818
4257.591999999 2.601982798 0.745239616 0.998396445 -0.509902790 0.489904258 -0.489543024 0.510235818
